 
1	277.0528	100	   
101	278.7486	100	   
201	280.3945	100	   
301	281.9919	100	   
401	283.5426	100	   
501	285.0479	100	   
601	286.5095	100	   
701	287.9288	100	   
801	289.3072	100	   
901	290.6463	100	   
1001	291.9472	100	   
1101	293.2116	100	   
1201	294.4405	100	   
1301	295.6355	100	   
1401	296.7977	100	   
1501	297.9283	100	   
1601	299.0287	100	   
1701	300.1	100	   
1801	301.1433	100	   
1901	302.1598	100	   
2001	303.1506	100	   
2101	304.1168	100	   
2201	305.0594	100	   
2301	305.9795	100	   
2401	306.8781	100	   
2501	307.7561	100	   
2601	308.6145	100	   
2701	309.4543	100	   
2801	310.2763	100	   
2901	311.0814	100	   
3001	311.8705	100	   
3101	312.6444	100	   
3201	313.4039	100	   
3301	314.1498	100	   
3401	314.8829	100	   
3501	315.6039	100	   
3601	316.3135	100	   
3701	317.0125	100	   
3801	317.7014	100	   
3901	318.381	100	   
4001	319.0519	100	   
4101	319.7147	100	   
4201	320.37	100	   
4301	321.0183	100	   
4401	321.6603	100	   
4501	322.2964	100	   
4601	322.9271	100	   
4701	323.553	100	   
4801	324.1745	100	   
4901	324.7921	100	   
5001	325.4063	100	   
5101	326.0173	100	   
5201	326.6257	100	   
5301	327.2318	100	   
5401	327.836	100	   
5501	328.4386	100	   
5601	329.04	100	   
5701	329.6405	100	   
5801	330.2404	100	   
5901	330.84	100	   
6001	331.4395	100	   
6101	332.0392	100	   
6201	332.6394	100	   
6301	333.2403	100	   
6401	333.842	100	   
6501	334.4449	100	   
6601	335.049	100	   
6701	335.6545	100	   
6801	336.2616	100	   
6901	336.8705	100	   
7001	337.4813	100	   
7101	338.0941	100	   
7201	338.709	100	   
7301	339.3261	100	   
7401	339.9455	100	   
7501	340.5672	100	   
7601	341.1914	100	   
7701	341.8181	100	   
7801	342.4473	100	   
7901	343.0791	100	   
8001	343.7135	100	   
8101	344.3504	100	   
8201	344.99	100	   
8301	345.6322	100	   
8401	346.277	100	   
8501	346.9244	100	   
8601	347.5743	100	   
8701	348.2267	100	   
8801	348.8817	100	   
8901	349.539	100	   
9001	350.1987	100	   
9101	350.8607	100	   
9201	351.5249	100	   
9301	352.1914	100	   
9401	352.8598	100	   
9501	353.5303	100	   
9601	354.2027	100	   
9701	354.8769	100	   
9801	355.5528	100	   
9901	356.2303	100	   
10001	356.9093	100	   
10101	357.5898	100	   
10201	358.2714	100	   
10301	358.9543	100	   
10401	359.6381	100	   
10501	360.3229	100	   
10601	361.0085	100	   
10701	361.6947	100	   
10801	362.3814	100	   
10901	363.0686	100	   
11001	363.756	100	   
11101	364.4436	100	   
11201	365.1312	100	   
11301	365.8186	100	   
11401	366.5058	100	   
11501	367.1926	100	   
11601	367.8789	100	   
11701	368.5646	100	   
11801	369.2494	100	   
11901	369.9334	100	   
12001	370.6163	100	   
12101	371.2981	100	   
12201	371.9786	100	   
12301	372.6577	100	   
12401	373.3354	100	   
12501	374.0114	100	   
12601	374.6856	100	   
12701	375.3581	100	   
12801	376.0286	100	   
12901	376.6971	100	   
13001	377.3635	100	   
13101	378.0277	100	   
13201	378.6896	100	   
13301	379.3492	100	   
13401	380.0063	100	   
13501	380.661	100	   
13601	381.3131	100	   
13701	381.9626	100	   
13801	382.6095	100	   
13901	383.2537	100	   
14001	383.8952	100	   
14101	384.534	100	   
14201	385.1701	100	   
14301	385.8034	100	   
14401	386.4341	100	   
14501	387.062	100	   
14601	387.6872	100	   
14701	388.3098	100	   
14801	388.9297	100	   
14901	389.5471	100	   
15001	390.1621	100	   
15101	390.7746	100	   
15201	391.3848	100	   
15301	391.9927	100	   
15401	392.5985	100	   
15501	393.2023	100	   
15601	393.8043	100	   
15701	394.4045	100	   
15801	395.0032	100	   
15901	395.6005	100	   
16001	396.1965	100	   
16101	396.7916	100	   
16201	397.3858	100	   
16301	397.9795	100	   
16401	398.5729	100	   
16501	399.1662	100	   
16601	399.7596	100	   
16701	400.3536	100	   
16801	400.9483	100	   
16901	401.5442	100	   
17001	402.1414	100	   
17101	402.7405	100	   
17201	403.3417	100	   
17301	403.9455	100	   
17401	404.5521	100	   
17501	405.1622	100	   
17601	405.776	100	   
17701	406.3941	100	   
17801	407.0169	100	   
17901	407.645	100	   
18001	408.2787	100	   
18101	408.9188	100	   
18201	409.5656	100	   
18301	410.2198	100	   
18401	410.882	100	   
18501	411.5527	100	   
18601	412.2327	100	   
18701	412.9226	100	   
18801	413.623	100	   
18901	414.3346	100	   
19001	415.0582	100	   
19101	415.7945	100	   
19201	416.5443	100	   
19301	417.3083	100	   
19401	418.0873	100	   
19501	418.8823	100	   
19601	419.694	100	   
19701	420.5233	100	   
19801	421.3711	100	   
19901	422.2384	100	   
20001	423.1262	100	   
20101	424.0353	100	   
20201	424.9668	100	   
20301	425.9217	100	   
20401	426.9011	100	   
20501	427.9061	100	   
20601	428.9377	100	   
20701	429.9971	100	   
20801	431.0856	100	   
20901	432.2041	100	   
21001	433.3541	100	   
21101	434.5366	100	   
21201	435.7531	100	   
21301	437.0047	100	   
21401	438.2929	100	   
21501	439.619	100	   
21601	440.9843	100	   
21701	442.3903	100	   
21801	443.8385	100	   
21901	445.3303	100	   
22001	446.8673	100	   
22101	448.4509	100	   
22201	450.0827	100	   
22301	451.7644	100	   
22401	453.4976	100	   
22501	455.284	100	   
22601	457.1252	100	   
22701	459.023	100	   
22801	460.9791	100	   
22901	462.9954	100	   
23001	465.0737	100	   
23101	467.2158	100	   
23201	469.4236	100	   
23301	471.6992	100	   
23401	474.0443	100	   
23501	476.4612	100	   
23601	478.9517	100	   
23701	481.5179	100	   
23801	484.1621	100	   
23901	486.8862	100	   
24001	489.6926	100	   
24101	492.5833	100	   
24201	495.5607	100	   
24301	498.6271	100	   
24401	501.7848	100	   
24501	505.0361	100	   
24601	508.3834	100	   
24701	511.8293	100	   
24801	515.3762	100	   
24901	519.0266	100	   
25001	522.783	100	   
25101	526.6481	100	   
25201	530.6245	100	   
25301	534.7149	100	   
25401	538.922	100	   
25501	543.2486	100	   
25601	547.6974	100	   
25701	552.2714	100	   
25801	556.9733	100	   
25901	561.8061	100	   
26001	566.7729	100	   
26101	571.8765	100	    
26201	577.1312	100		transition is at 26179 bar	   
26301	582.4412	100			   
26401	587.6847	100			   
26501	592.8626	100			   
26601	597.9756	100			   
26701	603.0244	100			   
26801	608.0096	100			   
26901	612.9321	100			   
27001	617.7926	100			   
27101	622.5916	100			   
27201	627.33	100			   
27301	632.0083	100			   
27401	636.6274	100			   
27501	641.1878	100			   
27601	645.6902	100			   
27701	650.1353	100			   
27801	654.5238	100			   
27901	658.8563	100			   
28001	663.1335	100			   
28101	667.3559	100			   
28201	671.5243	100			   
28301	675.6393	100			   
28401	679.7014	100			   
28501	683.7114	100			   
28601	687.6697	100			   
28701	691.5772	100			   
28801	695.4342	100			   
28901	699.2415	100			   
29001	702.9996	100			   
29101	706.7092	100			   
29201	710.3707	100			   
29301	713.9849	100			   
29401	717.5522	100			   
29501	721.0732	100			   
29601	724.5485	100			   
29701	727.9786	100			   
29801	731.3642	100			   
29901	734.7056	100			   
30001	738.0036	100			   
30101	741.2586	100			   
30201	744.4711	100			   
30301	747.6417	100			   
30401	750.771	100			   
30501	753.8593	100			   
30601	756.9073	100			   
30701	759.9154	100			   
30801	762.8842	100			   
30901	765.8141	100			   
31001	768.7057	100			   
31101	771.5594	100			   
31201	774.3757	100			   
31301	777.1551	100			   
31401	779.8981	100			   
31501	782.6052	100			   
31601	785.2767	100			   
31701	787.9132	100			   
31801	790.5151	100			   
31901	793.083	100			   
32001	795.6171	100			   
32101	798.118	100			   
32201	800.5862	100			   
32301	803.022	100			   
32401	805.4259	100			   
32501	807.7983	100			   
32601	810.1396	100			   
32701	812.4502	100			   
32801	814.7307	100			   
32901	816.9813	100			   
33001	819.2025	100			   
33101	821.3947	100			   
33201	823.5582	100			   
33301	825.6936	100			   
33401	827.8011	100			   
33501	829.8811	100			   
33601	831.9341	100			   
33701	833.9604	100			   
33801	835.9604	100			   
33901	837.9345	100			   
34001	839.8829	100			   
34101	841.8062	100			   
34201	843.7046	100			   
34301	845.5784	100			   
34401	847.4282	100			   
34501	849.2541	100			   
34601	851.0566	100			   
34701	852.8359	100			   
34801	854.5925	100			   
34901	856.3265	100			   
35001	858.0385	100			   
35101	859.7287	100			   
35201	861.3974	100			   
35301	863.0449	100			   
35401	864.6716	100			   
35501	866.2777	100			   
35601	867.8636	100			   
35701	869.4296	100			   
35801	870.976	100			   
35901	872.503	100			   
36001	874.011	100			   
36101	875.5003	100			   
36201	876.9711	100			   
36301	878.4237	100			   
36401	879.8585	100			   
36501	881.2756	100			   
36601	882.6754	100			   
36701	884.0581	100			   
36801	885.424	100			   
36901	886.7733	100			   
37001	888.1064	100			   
37101	889.4235	100			   
37201	890.7248	100			   
37301	892.0106	100			   
37401	893.2811	100			   
37501	894.5366	100			   
37601	895.7773	100			   
37701	897.0035	100			   
37801	898.2154	100			   
37901	899.4132	100			   
38001	900.5972	100			   
38101	901.7676	100			   
38201	902.9246	100			   
38301	904.0685	100			   
38401	905.1994	100			   
38501	906.3176	100			   
38601	907.4232	100			   
38701	908.5166	100			   
38801	909.5979	100			   
38901	910.6673	100			   
39001	911.725	100			   
39101	912.7713	100			   
39201	913.8062	100			   
39301	914.8301	100			   
39401	915.8431	100			   
39501	916.8453	100			   
39601	917.8371	100			   
39701	918.8185	100			   
39801	919.7898	100			   
39901	920.7511	100			   
40001	921.7026	100			   
40101	922.6444	100			   
40201	923.5769	100			   
40301	924.5	100			   
40401	925.4141	100			   
40501	926.3192	100			   
40601	927.2155	100			   
40701	928.1032	100			   
40801	928.9825	100			   
40901	929.8534	100			   
41001	930.7162	100			   
41101	931.5709	100			   
41201	932.4179	100			   
41301	933.2571	100			   
41401	934.0887	100			   
41501	934.913	100			   
41601	935.7299	100			   
41701	936.5397	100			   
41801	937.3425	100			   
41901	938.1385	100			   
42001	938.9277	100			   
42101	939.7103	100			   
42201	940.4864	100			   
42301	941.2561	100			   
42401	942.0197	100			   
42501	942.7771	100			   
42601	943.5285	100			   
42701	944.274	100			   
42801	945.0138	100			   
42901	945.748	100			   
43001	946.4766	100			   
43101	947.1998	100			   
43201	947.9177	100			   
43301	948.6304	100			   
43401	949.338	100			   
43501	950.0405	100			   
43601	950.7382	100			   
43701	951.4311	100			   
43801	952.1193	100			   
43901	952.8029	100			   
44001	953.482	100			   
44101	954.1567	100			   
44201	954.827	100			   
44301	955.4931	100			   
44401	956.1551	100			   
44501	956.813	100			   
44601	957.4669	100			   
44701	958.1169	100			   
44801	958.7631	100			   
44901	959.4056	100			   
45001	960.0444	100			   
45101	960.6797	100			   
45201	961.3114	100			   
45301	961.9397	100			   
45401	962.5647	100			   
45501	963.1863	100			   
45601	963.8048	100			   
45701	964.4201	100			   
45801	965.0323	100			   
45901	965.6415	100			   
46001	966.2477	100			   
46101	966.8511	100			   
46201	967.4516	100			   
46301	968.0493	100			   
46401	968.6443	100			   
46501	969.2367	100			   
46601	969.8265	100			   
46701	970.4137	100			   
46801	970.9984	100			   
46901	971.5807	100			   
47001	972.1606	100			   
47101	972.7382	100			   
47201	973.3135	100			   
47301	973.8865	100			   
47401	974.4573	100			   
47501	975.026	100			   
47601	975.5926	100			   
47701	976.1571	100			   
47801	976.7196	100			   
47901	977.28	100			   
48001	977.8386	100			   
48101	978.3953	100			   
48201	978.95	100			   
48301	979.503	100			   
48401	980.0541	100			   
48501	980.6035	100			   
48601	981.1512	100			   
48701	981.6972	100			   
48801	982.2415	100			   
48901	982.7842	100			   
49001	983.3252	100			   
49101	983.8647	100			   
49201	984.4027	100			   
49301	984.9391	100			   
49401	985.4741	100			   
49501	986.0076	100			   
49601	986.5396	100			   
49701	987.0702	100			   
49801	987.5994	100			   
49901	988.1273	100			   
50001	988.6538	100			   
50101	989.1789	100			   
50201	989.7028	100			   
50301	990.2254	100			   
50401	990.7466	100			   
50501	991.2667	100			   
50601	991.7855	100			   
50701	992.303	100			   
50801	992.8194	100			   
50901	993.3345	100			   
51001	993.8485	100			   
51101	994.3613	100			   
51201	994.873	100			   
51301	995.3835	100			   
51401	995.8929	100			   
51501	996.4012	100			   
51601	996.9084	100			   
51701	997.4144	100			   
51801	997.9194	100			   
51901	998.4233	100			   
52001	998.9261	100			   
52101	999.4279	100			   
52201	999.9286	100			   
52301	1000.428	100			   
52401	1000.927	100			   
52501	1001.424	100			   
52601	1001.921	100			   
52701	1002.416	100			   
52801	1002.911	100			   
52901	1003.404	100			   
53001	1003.897	100			   
53101	1004.388	100			   
53201	1004.879	100			   
53301	1005.368	100			   
53401	1005.857	100			   
53501	1006.344	100			   
53601	1006.83	100			   
53701	1007.316	100			   
53801	1007.8	100			   
53901	1008.283	100			   
54001	1008.766	100			   
54101	1009.247	100			   
54201	1009.727	100			   
54301	1010.207	100			   
54401	1010.685	100			   
54501	1011.162	100			   
54601	1011.639	100			   
54701	1012.114	100			   
54801	1012.588	100			   
54901	1013.061	100			   
55001	1013.534	100			   
55101	1014.005	100			   
55201	1014.475	100			   
55301	1014.944	100			   
55401	1015.412	100			   
55501	1015.879	100			   
55601	1016.345	100			   
55701	1016.81	100			   
55801	1017.274	100			   
55901	1017.736	100			   
56001	1018.198	100			   
56101	1018.659	100			   
56201	1019.118	100			   
56301	1019.577	100			   
56401	1020.034	100			   
56501	1020.49	100			   
56601	1020.945	100			   
56701	1021.399	100			   
56801	1021.852	100			   
56901	1022.304	100			   
57001	1022.754	100			   
57101	1023.204	100			   
57201	1023.652	100			   
57301	1024.099	100			   
57401	1024.545	100			   
57501	1024.99	100			   
57601	1025.434	100			   
57701	1025.876	100			   
57801	1026.318	100			   
57901	1026.758	100			   
58001	1027.197	100			   
58101	1027.634	100			   
58201	1028.071	100			   
58301	1028.506	100			   
58401	1028.94	100			   
58501	1029.373	100			   
58601	1029.805	100			   
58701	1030.235	100			   
58801	1030.664	100			   
58901	1031.092	100			   
59001	1031.518	100			   
59101	1031.943	100			   
59201	1032.367	100			   
59301	1032.79	100			   
59401	1033.211	100			   
59501	1033.631	100			   
59601	1034.05	100			   
59701	1034.468	100			   
59801	1034.884	100			   
59901	1035.299	100			   
60001	1035.712	100			   
60101	1036.124	100			   
60201	1036.535	100			   
60301	1036.944	100			   
60401	1037.352	100			   
60501	1037.759	100			   
60601	1038.164	100			   
60701	1038.568	100			   
60801	1038.971	100			   
60901	1039.372	100			   
61001	1039.772	100			   
61101	1040.17	100			   
61201	1040.567	100			   
61301	1040.963	100			   
61401	1041.357	100			   
61501	1041.75	100			   
61601	1042.141	100			   
61701	1042.531	100			   
61801	1042.92	100			   
61901	1043.307	100			   
62001	1043.693	100			   
62101	1044.077	100			   
62201	1044.46	100			   
62301	1044.841	100			   
62401	1045.221	100			   
62501	1045.6	100			   
62601	1045.977	100			   
62701	1046.352	100			   
62801	1046.727	100			   
62901	1047.099	100			   
63001	1047.471	100			   
63101	1047.841	100			   
63201	1048.209	100			   
63301	1048.576	100			   
63401	1048.942	100			   
63501	1049.306	100			   
63601	1049.668	100			   
63701	1050.029	100			   
63801	1050.389	100			   
63901	1050.748	100			   
64001	1051.104	100			   
64101	1051.46	100			   
64201	1051.814	100			   
64301	1052.166	100			   
64401	1052.517	100			   
64501	1052.867	100			   
64601	1053.215	100			   
64701	1053.562	100			   
64801	1053.907	100			   
64901	1054.251	100			   
65001	1054.594	100			   
65101	1054.935	100			   
65201	1055.274	100			   
65301	1055.613	100			   
65401	1055.95	100			   
65501	1056.285	100			   
65601	1056.619	100			   
65701	1056.952	100			   
65801	1057.283	100			   
65901	1057.613	100			   
66001	1057.941	100			   
66101	1058.268	100			   
66201	1058.594	100			   
66301	1058.919	100			   
66401	1059.242	100			   
66501	1059.563	100			   
66601	1059.884	100			   
66701	1060.203	100			   
66801	1060.521	100			   
66901	1060.837	100			   
67001	1061.152	100			   
67101	1061.466	100			   
67201	1061.779	100			   
67301	1062.09	100			   
67401	1062.4	100			   
67501	1062.709	100			   
67601	1063.016	100			   
67701	1063.323	100			   
67801	1063.628	100			   
67901	1063.931	100			   
68001	1064.234	100			   
68101	1064.535	100			   
68201	1064.836	100			   
68301	1065.135	100			   
68401	1065.433	100			   
68501	1065.729	100			   
68601	1066.025	100			   
68701	1066.319	100			   
68801	1066.613	100			   
68901	1066.905	100			   
69001	1067.196	100			   
69101	1067.486	100			   
69201	1067.775	100			   
69301	1068.063	100			   
69401	1068.35	100			   
69501	1068.636	100			   
69601	1068.921	100			   
69701	1069.205	100			   
69801	1069.488	100			   
69901	1069.77	100			   
70001	1070.051	100			   
70101	1070.331	100			   
70201	1070.61	100			   
70301	1070.888	100			   
70401	1071.166	100			   
70501	1071.442	100			   
70601	1071.718	100			   
70701	1071.993	100			   
70801	1072.267	100			   
70901	1072.54	100			   
71001	1072.812	100			   
71101	1073.084	100			   
71201	1073.354	100			   
71301	1073.624	100			   
71401	1073.894	100			   
71501	1074.162	100			   
71601	1074.43	100			   
71701	1074.698	100			   
71801	1074.964	100			   
71901	1075.23	100			   
72001	1075.495	100			   
72101	1075.76	100			   
72201	1076.024	100			   
72301	1076.288	100			   
72401	1076.551	100			   
72501	1076.813	100			   
72601	1077.075	100			   
72701	1077.337	100			   
72801	1077.598	100			   
72901	1077.858	100			   
73001	1078.118	100			   
73101	1078.378	100			   
73201	1078.637	100			   
73301	1078.896	100			   
73401	1079.154	100			   
73501	1079.412	100			   
73601	1079.67	100			   
73701	1079.928	100			   
73801	1080.185	100			   
73901	1080.442	100			   
74001	1080.698	100			   
74101	1080.954	100			   
74201	1081.211	100			   
74301	1081.466	100			   
74401	1081.722	100			   
74501	1081.978	100			   
74601	1082.233	100			   
74701	1082.488	100			   
74801	1082.744	100			   
74901	1082.999	100			   
75001	1083.253	100			   
75101	1083.508	100			   
75201	1083.763	100			   
75301	1084.018	100			   
75401	1084.273	100			   
75501	1084.528	100			   
75601	1084.782	100			   
75701	1085.037	100			   
75801	1085.292	100			   
75901	1085.547	100			   
76001	1085.802	100			   
76101	1086.057	100			   
76201	1086.313	100			   
76301	1086.568	100			   
76401	1086.824	100			   
76501	1087.08	100			   
76601	1087.336	100			   
76701	1087.592	100			   
76801	1087.848	100			   
76901	1088.105	100			   
77001	1088.362	100			   
77101	1088.619	100			   
77201	1088.876	100			   
77301	1089.134	100			   
77401	1089.392	100			   
77501	1089.65	100			   
77601	1089.908	100			   
77701	1090.167	100			   
77801	1090.427	100			   
77901	1090.686	100			   
78001	1090.946	100			   
78101	1091.207	100			   
78201	1091.468	100			   
78301	1091.729	100			   
78401	1091.99	100			   
78501	1092.252	100			   
78601	1092.515	100			   
78701	1092.778	100			   
78801	1093.041	100			   
78901	1093.305	100			   
79001	1093.569	100			   
79101	1093.834	100			   
79201	1094.099	100			   
79301	1094.365	100			   
79401	1094.631	100			   
79501	1094.898	100			   
79601	1095.165	100			   
79701	1095.433	100			   
79801	1095.701	100			   
79901	1095.97	100			   
80001	1096.239	100			 
